Iout: 1
ton/toff: 1.2123893805309733
ton + toff: 5e-06
toff: 2.2600000000000004e-06
ton: 2.74e-06
Ct: 1.0960000000000001e-10
Ipk (switch): 2
Rs: 0.15
L (min): 7.7405e-06
Co: 8.333333333333334e-06
Duty: 0.5479999999999999
R1: 2450.9803921568628
R2: 10000
