ton/toff: 1.2123893805309733
ton + toff: 3.0303030303030302e-05
toff: 1.3696969696969697e-05
ton: 1.6606060606060606e-05
Ct: 6.642424242424243e-10
Ipk (switch): 3.2
Rs: 0.09374999999999999
L (min): 2.9320075757575757e-05
Co: 6.0606060606060605e-05
Duty: 0.548
