Iout: 0.2
Duty: 0.5291666666666667
T: 5e-06
ton: 2.6458333333333336e-06
Rmax: 5
L (critico): 5.885416666666666e-06
C: 3.4722222222222224e-07
